,Id,SalePrice
0,1461,134604.24666666667
1,1462,195549.5
2,1463,180687.83333333334
3,1464,218677.89333333334
4,1465,182559.71
5,1466,167902.00666666665
6,1467,157265.5
7,1468,174238.16666666666
8,1469,171906.33333333334
9,1470,130916.03333333334
10,1471,181089.47
11,1472,119815.16
12,1473,119646.26333333334
13,1474,138033.91333333333
14,1475,115738.16666666667
15,1476,389026.94666666666
16,1477,252982.25333333333
17,1478,354275.7166666667
18,1479,354506.51666666666
19,1480,524489.2133333334
20,1481,282462.2233333333
21,1482,239704.48
22,1483,192335.01
23,1484,210859.04333333333
24,1485,210207.63333333333
25,1486,209206.9
26,1487,294405.0233333333
27,1488,208870.34
28,1489,195945.11333333334
29,1490,231173.19666666666
30,1491,195674.7
31,1492,99384.74666666667
32,1493,197476.73333333334
33,1494,262404.6066666667
34,1495,227881.86
35,1496,247196.87666666668
36,1497,158656.26333333334
37,1498,170038.91
38,1499,150563.6
39,1500,153732.47666666665
40,1501,174791.18
41,1502,161296.49
42,1503,319429.4733333333
43,1504,227189.02
44,1505,213568.1
45,1506,190204.33333333334
46,1507,194657.78666666665
47,1508,170609.62333333332
48,1509,141327.83333333334
49,1510,177675.16666666666
50,1511,156066.83333333334
51,1512,187582.33333333334
52,1513,144848.82
53,1514,134193.99
54,1515,196739.83333333334
55,1516,159903.0
56,1517,177214.66666666666
57,1518,125231.74333333333
58,1519,208631.54666666666
59,1520,154140.0
60,1521,150731.5
61,1522,220600.5
62,1523,125203.61
63,1524,123284.72666666667
64,1525,124796.29
65,1526,123949.83333333333
66,1527,122758.51333333334
67,1528,125750.38333333333
68,1529,148519.0
69,1530,247155.0
70,1531,176913.35
71,1532,96024.85
72,1533,149173.21333333335
73,1534,122763.18
74,1535,153214.33666666667
75,1536,117909.36
76,1537,90654.13
77,1538,143436.21
78,1539,146262.38666666666
79,1540,122734.21666666666
80,1541,131246.91666666666
81,1542,140889.98
82,1543,173150.54333333333
83,1544,94224.97333333333
84,1545,110668.33333333333
85,1546,141158.51333333334
86,1547,141298.7
87,1548,118362.85666666667
88,1549,124974.41666666667
89,1550,145242.84
90,1551,118943.83333333333
91,1552,146935.34666666668
92,1553,119332.17
93,1554,131084.25
94,1555,180427.5
95,1556,83985.84666666666
96,1557,82414.84
97,1558,125377.42333333334
98,1559,102223.2
99,1560,118352.92333333334
100,1561,102459.07333333333
101,1562,149637.0
102,1563,143202.75
103,1564,162063.02666666667
104,1565,147175.42333333334
105,1566,244589.3
106,1567,91674.59666666666
107,1568,246349.63
108,1569,143475.73666666666
109,1570,146198.87
110,1571,134553.47
111,1572,149590.79
112,1573,260086.92666666667
113,1574,142638.97333333333
114,1575,228164.93666666668
115,1576,247862.81666666668
116,1577,193129.99
117,1578,125480.76333333334
118,1579,143488.2
119,1580,180694.33333333334
120,1581,149518.84
121,1582,132683.61
122,1583,300660.8
123,1584,215469.75333333333
124,1585,181476.03333333333
125,1586,88404.01
126,1587,118434.58333333333
127,1588,156242.33666666667
128,1589,90198.61333333333
129,1590,134653.6
130,1591,106501.91333333333
131,1592,156175.84
132,1593,131702.94333333333
133,1594,117041.17
134,1595,125791.86666666667
135,1596,211758.0
136,1597,164208.16666666666
137,1598,192243.9
138,1599,176109.15
139,1600,172033.83333333334
140,1601,85116.85333333333
141,1602,134430.23333333334
142,1603,84084.37666666666
143,1604,342251.11333333334
144,1605,209939.33333333334
145,1606,149213.79
146,1607,149046.35
147,1608,237741.94
148,1609,193747.48333333334
149,1610,160119.34
150,1611,155668.5
151,1612,182150.57
152,1613,175603.45
153,1614,152543.75
154,1615,111171.21
155,1616,101454.71333333333
156,1617,109111.42
157,1618,122338.07
158,1619,138984.62333333332
159,1620,144607.17333333334
160,1621,129788.26666666666
161,1622,154640.28333333333
162,1623,258484.32666666666
163,1624,209409.30333333334
164,1625,123972.95
165,1626,191255.66666666666
166,1627,186033.16666666666
167,1628,259595.19333333333
168,1629,166989.34
169,1630,305764.0366666667
170,1631,192822.01666666666
171,1632,225284.81666666668
172,1633,185699.66666666666
173,1634,183905.61666666667
174,1635,177380.16666666666
175,1636,159071.51333333334
176,1637,175533.66666666666
177,1638,174129.3
178,1639,178636.5
179,1640,178183.63333333333
180,1641,171459.33333333334
181,1642,221518.75
182,1643,202787.80666666667
183,1644,204472.66666666666
184,1645,178823.66666666666
185,1646,176229.33333333334
186,1647,160095.49333333335
187,1648,140018.17333333334
188,1649,143594.0
189,1650,132138.38666666666
190,1651,131030.86
191,1652,118556.25333333333
192,1653,117672.57
193,1654,133670.17333333334
194,1655,138718.40666666668
195,1656,136297.33333333334
196,1657,133118.5
197,1658,149878.91333333333
198,1659,120919.2
199,1660,184029.5
200,1661,586047.8433333334
201,1662,341989.1766666667
202,1663,387220.1066666667
203,1664,518177.54333333333
204,1665,346131.67333333334
205,1666,382234.44
206,1667,384489.80666666664
207,1668,384170.24333333335
208,1669,337495.20666666667
209,1670,377378.5733333333
210,1671,277590.79333333333
211,1672,515415.94666666666
212,1673,274232.83666666667
213,1674,240614.82
214,1675,226847.04333333333
215,1676,249168.3
216,1677,260198.41
217,1678,507766.7866666667
218,1679,469704.97
219,1680,371558.47
220,1681,299778.32
221,1682,337434.0266666667
222,1683,193151.60333333333
223,1684,193104.32666666666
224,1685,208633.7
225,1686,225047.87666666668
226,1687,185045.83333333334
227,1688,222270.51333333334
228,1689,215821.18333333332
229,1690,212714.75
230,1691,201209.48333333334
231,1692,259685.32666666666
232,1693,169162.5
233,1694,184707.16666666666
234,1695,170954.16666666666
235,1696,241000.93
236,1697,174293.0
237,1698,266846.24666666664
238,1699,298029.48333333334
239,1700,233490.27666666667
240,1701,241342.44
241,1702,225355.72333333333
242,1703,229581.88333333333
243,1704,264674.9866666667
244,1705,278870.44333333336
245,1706,471703.84
246,1707,229656.64333333334
247,1708,188960.99666666667
248,1709,241434.46333333335
249,1710,220039.29333333333
250,1711,270999.02
251,1712,287035.35333333333
252,1713,253292.41333333333
253,1714,205998.05333333334
254,1715,190041.25666666665
255,1716,181817.93666666668
256,1717,173813.6
257,1718,132785.36666666667
258,1719,208498.85333333333
259,1720,227252.82666666666
260,1721,170870.48333333334
261,1722,130708.23
262,1723,152177.5
263,1724,217376.88666666666
264,1725,225489.39
265,1726,163136.80666666667
266,1727,161969.32666666666
267,1728,164569.25
268,1729,153032.34
269,1730,122759.44
270,1731,137955.94
271,1732,149320.83333333334
272,1733,135945.66333333333
273,1734,131774.36
274,1735,140596.03333333333
275,1736,133318.99333333335
276,1737,288008.19333333336
277,1738,223948.83
278,1739,199374.67333333334
279,1740,251500.15666666668
280,1741,242089.32666666666
281,1742,168333.59
282,1743,172935.84666666668
283,1744,319155.6566666667
284,1745,179995.66666666666
285,1746,191090.83333333334
286,1747,187004.4
287,1748,199526.53333333333
288,1749,156541.66666666666
289,1750,149191.83333333334
290,1751,217268.44666666666
291,1752,131223.53333333333
292,1753,146637.53333333333
293,1754,175679.83333333334
294,1755,174141.5
295,1756,145525.41666666666
296,1757,126199.28333333334
297,1758,173498.0
298,1759,161271.16666666666
299,1760,175568.33333333334
300,1761,170263.83333333334
301,1762,163554.62333333332
302,1763,186338.66666666666
303,1764,132029.73333333334
304,1765,149435.61666666667
305,1766,222691.9
306,1767,240454.0
307,1768,151496.83333333334
308,1769,168169.66666666666
309,1770,159212.16666666666
310,1771,130175.49333333333
311,1772,117540.94
312,1773,135204.41666666666
313,1774,175454.61666666667
314,1775,151410.83333333334
315,1776,135792.62
316,1777,122054.10333333333
317,1778,153761.16666666666
318,1779,118399.59333333334
319,1780,159498.86666666667
320,1781,130394.86
321,1782,103472.56666666667
322,1783,157376.66666666666
323,1784,122244.87333333334
324,1785,142259.92333333334
325,1786,173749.05333333334
326,1787,169479.51666666666
327,1788,78489.07333333333
328,1789,110258.06333333334
329,1790,121458.84666666666
330,1791,178961.96666666667
331,1792,148557.66666666666
332,1793,148889.25
333,1794,156538.16666666666
334,1795,137481.91
335,1796,186396.30666666667
336,1797,128961.08666666667
337,1798,127582.6
338,1799,118796.71333333333
339,1800,132517.11666666667
340,1801,136941.16
341,1802,134684.68666666668
342,1803,149192.28
343,1804,144393.34
344,1805,151316.66666666666
345,1806,120615.97666666667
346,1807,118089.17
347,1808,133836.83333333334
348,1809,101626.81666666667
349,1810,140748.50333333333
350,1811,98168.26666666666
351,1812,85946.53666666667
352,1813,118864.17666666667
353,1814,104361.23666666666
354,1815,89913.04666666666
355,1816,118074.92666666667
356,1817,131665.30333333334
357,1818,163547.48666666666
358,1819,146255.27333333335
359,1820,84281.70333333334
360,1821,115055.98
361,1822,152113.75
362,1823,79012.38333333333
363,1824,140817.56
364,1825,139524.33333333334
365,1826,137296.70333333334
366,1827,119593.97666666667
367,1828,118161.53666666667
368,1829,146039.0
369,1830,123128.41
370,1831,123539.92666666667
371,1832,141395.33333333334
372,1833,126129.0
373,1834,140616.83
374,1835,137371.16666666666
375,1836,116660.77333333333
376,1837,88764.16
377,1838,112194.43333333333
378,1839,120075.63333333333
379,1840,142494.59
380,1841,130062.39333333333
381,1842,86315.62
382,1843,158248.33333333334
383,1844,157044.83333333334
384,1845,152979.29666666666
385,1846,175347.0
386,1847,197812.16666666666
387,1848,79933.83333333333
388,1849,115633.65
389,1850,132762.72666666665
390,1851,170206.16666666666
391,1852,127030.92
392,1853,150396.68666666668
393,1854,148586.17333333334
394,1855,162206.83333333334
395,1856,213916.36
396,1857,118585.21
397,1858,117911.05666666667
398,1859,116311.7
399,1860,157256.84666666668
400,1861,116228.93
401,1862,257760.28666666665
402,1863,256442.23333333334
403,1864,256442.23333333334
404,1865,459432.49333333335
405,1866,366029.7733333333
406,1867,217514.33666666667
407,1868,318082.63666666666
408,1869,206455.76
409,1870,244619.42666666667
410,1871,263859.43666666665
411,1872,208197.21666666667
412,1873,240007.12333333332
413,1874,163252.41333333333
414,1875,195401.22
415,1876,196108.02
416,1877,214056.24333333335
417,1878,211167.57
418,1879,146460.0
419,1880,137256.86666666667
420,1881,231085.79
421,1882,242682.34666666668
422,1883,195790.4
423,1884,192466.41666666666
424,1885,237788.46333333335
425,1886,291999.1566666667
426,1887,205008.56666666668
427,1888,253173.88
428,1889,197720.36
429,1890,145184.88333333333
430,1891,149946.00666666665
431,1892,104603.28333333334
432,1893,129977.92
433,1894,127834.61
434,1895,153331.51666666666
435,1896,135734.58666666667
436,1897,142005.21333333335
437,1898,115331.70333333334
438,1899,159481.85
439,1900,150945.28666666665
440,1901,161239.32666666666
441,1902,151002.03333333333
442,1903,204421.02666666667
443,1904,140117.71
444,1905,183486.5
445,1906,142627.90666666668
446,1907,226843.58
447,1908,123604.93
448,1909,132478.66666666666
449,1910,130228.06666666667
450,1911,182930.67333333334
451,1912,287711.91333333333
452,1913,156464.40333333332
453,1914,83919.00666666667
454,1915,434738.7833333333
455,1916,78967.48666666666
456,1917,214846.24333333335
457,1918,143706.62333333332
458,1919,156431.51333333334
459,1920,152393.5
460,1921,429545.70666666667
461,1922,398376.91
462,1923,195592.83333333334
463,1924,248215.52
464,1925,202793.86666666667
465,1926,453711.31
466,1927,145539.29
467,1928,174384.16666666666
468,1929,127706.35
469,1930,141056.7
470,1931,140107.06666666668
471,1932,128674.8
472,1933,197338.66666666666
473,1934,180790.5
474,1935,175097.0
475,1936,183116.25
476,1937,166982.84666666668
477,1938,174313.5
478,1939,247990.31
479,1940,186571.79333333333
480,1941,174470.66666666666
481,1942,172262.50666666665
482,1943,244539.63
483,1944,359888.5
484,1945,441979.07666666666
485,1946,177180.17666666667
486,1947,416215.66
487,1948,199610.26666666666
488,1949,246827.13
489,1950,169793.45
490,1951,247357.76
491,1952,189933.31333333332
492,1953,189180.33333333334
493,1954,166408.5
494,1955,134479.5
495,1956,256006.96
496,1957,163844.16666666666
497,1958,274975.3
498,1959,138244.45666666667
499,1960,123987.33333333333
500,1961,137123.85
501,1962,118857.91666666667
502,1963,115264.41
503,1964,116622.87333333334
504,1965,138282.87333333332
505,1966,126039.1
506,1967,325219.6766666667
507,1968,470632.00666666665
508,1969,464200.70666666667
509,1970,512500.75333333336
510,1971,597346.8866666667
511,1972,340726.5366666667
512,1973,292277.14666666667
513,1974,316135.89
514,1975,471887.99666666664
515,1976,264477.22
516,1977,330927.88666666666
517,1978,345014.62333333335
518,1979,363907.44333333336
519,1980,220151.08
520,1981,378252.6433333333
521,1982,252586.86
522,1983,221399.16666666666
523,1984,176931.93
524,1985,267215.49333333335
525,1986,245314.79
526,1987,212623.62
527,1988,207568.28333333333
528,1989,207817.03333333333
529,1990,227659.05666666667
530,1991,269103.02
531,1992,224373.55666666667
532,1993,204543.11333333334
533,1994,211176.60333333333
534,1995,180019.0
535,1996,250787.41666666666
536,1997,296114.0933333333
537,1998,270302.65
538,1999,252116.85666666666
539,2000,257544.10333333333
540,2001,287123.38333333336
541,2002,232470.14666666667
542,2003,249655.05666666667
543,2004,282192.9
544,2005,237330.57333333333
545,2006,217870.59666666668
546,2007,231008.25333333333
547,2008,263475.35333333333
548,2009,192111.76666666666
549,2010,193751.70333333334
550,2011,141370.32666666666
551,2012,181683.46333333335
552,2013,192473.3
553,2014,190993.78666666665
554,2015,196565.38333333333
555,2016,187752.93333333332
556,2017,176524.66666666666
557,2018,149303.75
558,2019,135916.33333333334
559,2020,126852.46333333333
560,2021,125006.72333333333
561,2022,172768.16666666666
562,2023,138008.41666666666
563,2024,251941.56
564,2025,315196.9866666667
565,2026,177283.70666666667
566,2027,164682.94666666666
567,2028,157290.90666666668
568,2029,150185.19333333333
569,2030,285232.4266666667
570,2031,257461.81
571,2032,262985.2033333333
572,2033,259101.92333333334
573,2034,160925.66333333333
574,2035,207800.89333333334
575,2036,173386.36333333334
576,2037,171616.80333333334
577,2038,240423.54666666666
578,2039,220804.88
579,2040,292610.43
580,2041,255020.42666666667
581,2042,201659.52666666667
582,2043,160073.0
583,2044,167419.16666666666
584,2045,175329.66666666666
585,2046,141230.21
586,2047,151946.5
587,2048,148398.5
588,2049,145097.51666666666
589,2050,143709.16666666666
590,2051,117966.33666666667
591,2052,120712.98
592,2053,155791.83333333334
593,2054,118483.45333333334
594,2055,150390.36666666667
595,2056,150470.66666666666
596,2057,147037.0
597,2058,202298.0
598,2059,156846.0
599,2060,147149.66666666666
600,2061,192581.66666666666
601,2062,131517.97
602,2063,129005.46666666666
603,2064,140867.83333333334
604,2065,133889.54
605,2066,177870.79
606,2067,119455.15
607,2068,134777.68
608,2069,91717.83333333333
609,2070,116624.71
610,2071,123472.25
611,2072,172420.42
612,2073,149490.83333333334
613,2074,197854.16666666666
614,2075,155208.01666666666
615,2076,122971.26666666666
616,2077,151340.5
617,2078,135389.85666666666
618,2079,130083.02666666667
619,2080,108500.08
620,2081,123261.84666666666
621,2082,100900.79333333333
622,2083,133939.75
623,2084,125008.60666666667
624,2085,129295.12666666666
625,2086,128605.02666666667
626,2087,138000.09666666668
627,2088,107678.80333333333
628,2089,110101.02666666667
629,2090,122922.4
630,2091,106472.16666666667
631,2092,122317.95
632,2093,105993.04666666666
633,2094,94059.19333333333
634,2095,142114.84666666668
635,2096,100563.34666666666
636,2097,89927.69666666667
637,2098,138522.75
638,2099,80684.96666666666
639,2100,79100.93
640,2101,108241.88666666667
641,2102,139689.52666666667
642,2103,129242.74333333333
643,2104,111318.77
644,2105,106500.41666666667
645,2106,88401.49666666667
646,2107,162607.40333333332
647,2108,128765.31333333334
648,2109,118121.52666666667
649,2110,135117.19666666666
650,2111,159757.62666666668
651,2112,148846.89
652,2113,124536.11
653,2114,113361.22666666667
654,2115,141419.43333333332
655,2116,139009.97333333333
656,2117,130811.48666666666
657,2118,140191.28
658,2119,108909.27333333333
659,2120,125577.35333333333
660,2121,99064.93
661,2122,128411.93666666666
662,2123,91684.55333333333
663,2124,142939.79333333333
664,2125,150042.47
665,2126,158349.18333333332
666,2127,131052.52
667,2128,121711.01
668,2129,93136.82333333333
669,2130,132846.47333333333
670,2131,156970.40333333332
671,2132,110613.59666666666
672,2133,122301.89333333333
673,2134,137983.36
674,2135,86228.62666666666
675,2136,103170.72
676,2137,116749.09
677,2138,125424.23333333334
678,2139,147304.61666666667
679,2140,141781.95
680,2141,155601.16666666666
681,2142,149139.0
682,2143,148647.2
683,2144,128933.06666666667
684,2145,147626.5
685,2146,152494.6
686,2147,165927.25
687,2148,127073.99
688,2149,146825.86666666667
689,2150,196663.13333333333
690,2151,124685.47
691,2152,151376.23
692,2153,162776.08333333334
693,2154,124583.03
694,2155,132075.73333333334
695,2156,213911.68666666668
696,2157,205016.71666666667
697,2158,216200.84333333332
698,2159,212265.66666666666
699,2160,224590.67
700,2161,233325.08333333334
701,2162,396456.12666666665
702,2163,511789.9533333333
703,2164,257955.12
704,2165,190036.5
705,2166,161227.50666666665
706,2167,223508.22333333333
707,2168,203753.83333333334
708,2169,197391.22
709,2170,203128.22666666665
710,2171,156240.83333333334
711,2172,151546.95
712,2173,150272.81333333332
713,2174,216192.19333333333
714,2175,271116.4866666667
715,2176,301451.79
716,2177,225637.63666666666
717,2178,221144.95333333334
718,2179,177464.7
719,2180,183634.52333333335
720,2181,191887.91
721,2182,203310.51333333334
722,2183,190074.47333333333
723,2184,127200.32666666666
724,2185,140357.48
725,2186,152427.0
726,2187,157383.95666666667
727,2188,148940.07
728,2189,176712.84
729,2190,79384.40666666666
730,2191,89828.0
731,2192,82153.62
732,2193,86975.63
733,2194,95504.76
734,2195,148073.05333333334
735,2196,127453.74
736,2197,124164.68666666666
737,2198,159919.5
738,2199,152036.73666666666
739,2200,167959.65666666668
740,2201,132793.25
741,2202,171221.14666666667
742,2203,195764.89333333334
743,2204,189177.29333333333
744,2205,131790.14333333334
745,2206,179261.73666666666
746,2207,199935.48333333334
747,2208,208699.66666666666
748,2209,201840.40666666668
749,2210,120033.86666666667
750,2211,112182.77666666667
751,2212,121251.45333333334
752,2213,74913.43333333333
753,2214,149610.63
754,2215,107317.16666666667
755,2216,139791.5
756,2217,87891.96666666666
757,2218,103258.60666666667
758,2219,80519.54666666666
759,2220,96518.30333333333
760,2221,434420.45
761,2222,350470.93666666665
762,2223,258441.56666666668
763,2224,185279.75
764,2225,117147.56666666667
765,2226,164936.0
766,2227,226036.6
767,2228,339198.2
768,2229,271961.61
769,2230,160013.84
770,2231,229977.77333333335
771,2232,186470.16666666666
772,2233,185646.44
773,2234,280967.29
774,2235,232951.05666666667
775,2236,277265.42333333334
776,2237,312162.04333333333
777,2238,194284.76666666666
778,2239,127123.75
779,2240,173399.08
780,2241,157616.87333333332
781,2242,134527.82666666666
782,2243,134127.84666666668
783,2244,121161.33333333333
784,2245,125981.05666666667
785,2246,145532.26
786,2247,127522.51666666666
787,2248,134328.66666666666
788,2249,132063.12333333332
789,2250,130183.69333333333
790,2251,136377.27666666667
791,2252,187602.83333333334
792,2253,172999.83333333334
793,2254,171464.33333333334
794,2255,177144.61666666667
795,2256,167743.84
796,2257,182087.33333333334
797,2258,167562.95
798,2259,167668.83333333334
799,2260,130893.42333333334
800,2261,176554.05666666667
801,2262,246040.75333333333
802,2263,347688.9
803,2264,508640.49666666664
804,2265,152576.62333333332
805,2266,337854.99
806,2267,432585.91333333333
807,2268,434069.19333333336
808,2269,159925.66666666666
809,2270,186221.61333333334
810,2271,184144.1
811,2272,195649.83333333334
812,2273,156493.50666666665
813,2274,180926.94
814,2275,187060.0
815,2276,185377.35666666666
816,2277,155320.29
817,2278,131410.02666666667
818,2279,144260.28333333333
819,2280,119179.94666666667
820,2281,175345.87
821,2282,177680.71
822,2283,119233.09333333334
823,2284,127724.77
824,2285,126300.93333333333
825,2286,133940.65666666668
826,2287,464495.37
827,2288,338556.4666666667
828,2289,344824.13
829,2290,502826.44333333336
830,2291,355969.62333333335
831,2292,464921.36666666664
832,2293,496433.55333333334
833,2294,365611.50666666665
834,2295,494613.08666666667
835,2296,253040.33666666667
836,2297,415125.24333333335
837,2298,427202.2
838,2299,324530.92
839,2300,306359.83
840,2301,354154.23333333334
841,2302,241633.15333333332
842,2303,216342.71666666667
843,2304,229404.74333333335
844,2305,255273.40666666668
845,2306,222834.91666666666
846,2307,259879.91
847,2308,214480.57
848,2309,315024.88
849,2310,269561.05
850,2311,237439.56
851,2312,191991.77666666667
852,2313,195154.67666666667
853,2314,191462.63
854,2315,203290.24
855,2316,199206.80666666667
856,2317,199419.31666666668
857,2318,215906.28333333333
858,2319,193333.82666666666
859,2320,194407.72333333333
860,2321,275483.58
861,2322,213048.78666666665
862,2323,203530.01666666666
863,2324,208965.28333333333
864,2325,218415.2
865,2326,206127.72333333333
866,2327,210059.21
867,2328,226574.67333333334
868,2329,185125.41666666666
869,2330,180858.83333333334
870,2331,321917.87666666665
871,2332,315249.9066666667
872,2333,256128.52
873,2334,231251.18
874,2335,246189.28
875,2336,271191.4266666667
876,2337,188895.83666666667
877,2338,254934.72333333333
878,2339,217779.77333333335
879,2340,469511.0466666667
880,2341,216171.96333333335
881,2342,212551.64
882,2343,224269.95
883,2344,197456.05
884,2345,199853.15666666668
885,2346,208457.41333333333
886,2347,193919.50333333333
887,2348,227389.91
888,2349,171102.88666666666
889,2350,330030.91333333333
890,2351,290597.70666666667
891,2352,231997.23666666666
892,2353,241758.54666666666
893,2354,153424.31
894,2355,138807.07
895,2356,172476.16666666666
896,2357,191985.97
897,2358,190660.91666666666
898,2359,135277.16666666666
899,2360,126831.60666666667
900,2361,143094.33333333334
901,2362,219823.91333333333
902,2363,146289.40333333332
903,2364,166903.33333333334
904,2365,221173.04
905,2366,239098.61666666667
906,2367,249253.08333333334
907,2368,262798.80666666664
908,2369,215511.87333333332
909,2370,151906.54666666666
910,2371,155503.56666666668
911,2372,178581.23333333334
912,2373,251824.03333333333
913,2374,269779.86333333334
914,2375,207810.74333333335
915,2376,295554.35
916,2377,288996.67333333334
917,2378,160313.85
918,2379,188006.83333333334
919,2380,151855.83333333334
920,2381,169771.5
921,2382,201037.16666666666
922,2383,190544.89
923,2384,210754.89
924,2385,164701.66666666666
925,2386,147438.83333333334
926,2387,133514.16666666666
927,2388,105392.36333333333
928,2389,142487.29666666666
929,2390,152126.35
930,2391,170800.0
931,2392,125048.48666666666
932,2393,175003.83333333334
933,2394,148332.79
934,2395,183721.5
935,2396,156273.16666666666
936,2397,209658.83333333334
937,2398,133189.33333333334
938,2399,76140.38333333333
939,2400,80002.33333333333
940,2401,123565.87333333334
941,2402,154246.5
942,2403,129875.56
943,2404,161289.0
944,2405,183704.83333333334
945,2406,140756.83333333334
946,2407,130253.91666666667
947,2408,146369.66666666666
948,2409,146274.36666666667
949,2410,161193.86666666667
950,2411,122462.79333333333
951,2412,164971.0
952,2413,134410.0
953,2414,132678.86
954,2415,149666.26666666666
955,2416,131196.81333333332
956,2417,134298.71333333335
957,2418,132393.63333333333
958,2419,126708.75
959,2420,137977.77
960,2421,153377.16666666666
961,2422,131105.11666666667
962,2423,87163.25333333333
963,2424,152894.46333333335
964,2425,203586.84333333332
965,2426,130207.3
966,2427,102376.92666666667
967,2428,161397.12333333332
968,2429,122954.3
969,2430,146462.16666666666
970,2431,128018.36666666667
971,2432,158253.5
972,2433,152320.5
973,2434,131668.29666666666
974,2435,153692.16666666666
975,2436,109635.55333333333
976,2437,130399.59
977,2438,129966.5
978,2439,132736.21666666667
979,2440,141402.0
980,2441,92985.41333333333
981,2442,112205.23666666666
982,2443,160279.85
983,2444,151041.21666666667
984,2445,94375.68
985,2446,141774.54333333333
986,2447,166498.53333333333
987,2448,144287.16666666666
988,2449,120079.76
989,2450,134494.03
990,2451,147949.69666666666
991,2452,175372.09666666668
992,2453,98379.70333333334
993,2454,117598.84666666666
994,2455,117896.62666666666
995,2456,142507.36666666667
996,2457,116414.74666666667
997,2458,137348.75
998,2459,113177.07
999,2460,146569.03
1000,2461,116753.3
1001,2462,150103.25666666665
1002,2463,119144.4
1003,2464,146951.78666666665
1004,2465,138556.67666666667
1005,2466,124566.1
1006,2467,145749.38666666666
1007,2468,100518.83
1008,2469,99816.44
1009,2470,169204.47333333333
1010,2471,172378.74666666667
1011,2472,146414.99
1012,2473,124812.89
1013,2474,91901.36333333333
1014,2475,184526.12333333332
1015,2476,114417.01333333334
1016,2477,126354.70333333334
1017,2478,151803.60666666666
1018,2479,128430.77
1019,2480,162508.79
1020,2481,141768.56666666668
1021,2482,127001.73
1022,2483,129611.16666666667
1023,2484,138049.16
1024,2485,129452.62666666666
1025,2486,190254.33333333334
1026,2487,222654.17666666667
1027,2488,142617.33333333334
1028,2489,157174.29
1029,2490,151155.18333333332
1030,2491,91836.64666666667
1031,2492,200548.0
1032,2493,163164.88666666666
1033,2494,140968.23666666666
1034,2495,81744.35
1035,2496,262473.52
1036,2497,153144.83333333334
1037,2498,127683.18333333333
1038,2499,99178.37
1039,2500,140968.62666666668
1040,2501,127719.23666666666
1041,2502,141923.6
1042,2503,103846.75333333333
1043,2504,170624.59666666668
1044,2505,209414.05666666667
1045,2506,252967.29333333333
1046,2507,298484.84
1047,2508,251936.34333333332
1048,2509,217800.24
1049,2510,214408.92666666667
1050,2511,179425.55666666667
1051,2512,204240.13
1052,2513,205171.60333333333
1053,2514,262441.0466666667
1054,2515,153135.5
1055,2516,177961.48
1056,2517,145312.66666666666
1057,2518,162791.00666666665
1058,2519,231207.36333333334
1059,2520,209310.99
1060,2521,193511.38333333333
1061,2522,227914.29666666666
1062,2523,149110.39
1063,2524,151024.67333333334
1064,2525,140235.46333333335
1065,2526,144746.53666666665
1066,2527,141007.2
1067,2528,147288.91666666666
1068,2529,157615.45666666667
1069,2530,129852.08333333333
1070,2531,218424.92333333334
1071,2532,207750.42333333334
1072,2533,203781.17
1073,2534,226035.18
1074,2535,257183.08666666667
1075,2536,233246.41
1076,2537,264276.7366666667
1077,2538,190542.72666666665
1078,2539,199568.25
1079,2540,201300.16333333333
1080,2541,190973.71666666667
1081,2542,189859.55
1082,2543,155915.14666666667
1083,2544,122865.41666666667
1084,2545,133923.25
1085,2546,143615.9
1086,2547,129218.40333333334
1087,2548,118758.94666666667
1088,2549,156422.00666666665
1089,2550,516365.61
1090,2551,159561.68
1091,2552,124187.09666666666
1092,2553,85385.25
1093,2554,74731.44666666667
1094,2555,122108.52666666667
1095,2556,122711.82333333333
1096,2557,121899.92
1097,2558,145174.14333333334
1098,2559,134651.74333333335
1099,2560,169513.18333333332
1100,2561,132930.28
1101,2562,135975.69
1102,2563,135993.74666666667
1103,2564,169306.83333333334
1104,2565,112248.79
1105,2566,166141.53333333333
1106,2567,132055.6
1107,2568,193718.56666666668
1108,2569,207283.44666666666
1109,2570,112097.58333333333
1110,2571,175061.33333333334
1111,2572,146224.4
1112,2573,216885.24
1113,2574,226396.21333333335
1114,2575,137296.11333333334
1115,2576,90933.70333333334
1116,2577,125367.31
1117,2578,92780.75333333333
1118,2579,93755.21333333333
1119,2580,99307.31
1120,2581,129348.07
1121,2582,125451.32333333333
1122,2583,376118.49666666664
1123,2584,163200.29
1124,2585,206846.06
1125,2586,205474.76333333334
1126,2587,171806.8
1127,2588,136832.76666666666
1128,2589,146179.79
1129,2590,229204.65
1130,2591,269287.08
1131,2592,234874.27666666667
1132,2593,395562.81
1133,2594,149758.45666666667
1134,2595,205266.31333333332
1135,2596,295902.38333333336
1136,2597,219693.1
1137,2598,265891.0466666667
1138,2599,436460.5733333333
1139,2600,125479.15666666666
1140,2601,154535.86666666667
1141,2602,105241.14
1142,2603,125411.39
1143,2604,128849.23
1144,2605,123622.74333333333
1145,2606,157678.03333333333
1146,2607,200895.54666666666
1147,2608,179754.16666666666
1148,2609,162052.83333333334
1149,2610,119822.29666666666
1150,2611,147800.01
1151,2612,147449.65666666668
1152,2613,139592.36666666667
1153,2614,126240.33333333333
1154,2615,158358.20333333334
1155,2616,182996.5
1156,2617,192989.41333333333
1157,2618,254638.72
1158,2619,191321.0
1159,2620,184025.46666666667
1160,2621,168392.01333333334
1161,2622,171301.33333333334
1162,2623,255892.04666666666
1163,2624,319000.4866666667
1164,2625,247980.45666666667
1165,2626,175015.16666666666
1166,2627,154893.66666666666
1167,2628,577732.8933333333
1168,2629,604398.91
1169,2630,462721.3233333333
1170,2631,552833.0433333333
1171,2632,539688.1533333333
1172,2633,338073.2966666667
1173,2634,482387.98
1174,2635,156024.02
1175,2636,178642.33333333334
1176,2637,194410.1
1177,2638,260804.82333333333
1178,2639,163950.66666666666
1179,2640,151930.0
1180,2641,122374.38
1181,2642,174343.81333333332
1182,2643,119422.15
1183,2644,131664.86666666667
1184,2645,122225.26333333334
1185,2646,120392.37666666666
1186,2647,119731.01666666666
1187,2648,141868.56666666668
1188,2649,155901.91666666666
1189,2650,116338.5
1190,2651,137454.51333333334
1191,2652,428280.96
1192,2653,247388.19333333333
1193,2654,304897.44666666666
1194,2655,494631.9733333333
1195,2656,370575.21
1196,2657,367177.01666666666
1197,2658,340379.7833333333
1198,2659,304450.69666666666
1199,2660,367668.49333333335
1200,2661,466353.38666666666
1201,2662,407094.20666666667
1202,2663,266852.11
1203,2664,307205.61
1204,2665,358079.94
1205,2666,343287.05666666664
1206,2667,195421.80333333334
1207,2668,192082.30666666667
1208,2669,198139.91333333333
1209,2670,250711.18666666668
1210,2671,192162.19333333333
1211,2672,251705.00333333333
1212,2673,238833.35333333333
1213,2674,236893.11
1214,2675,239308.89666666667
1215,2676,208701.84666666668
1216,2677,181239.5
1217,2678,224981.00333333333
1218,2679,262515.2366666667
1219,2680,244967.34333333332
1220,2681,350647.55333333334
1221,2682,282324.64
1222,2683,420100.0266666667
1223,2684,276647.99
1224,2685,271515.88666666666
1225,2686,286125.74666666664
1226,2687,282161.65
1227,2688,219429.61
1228,2689,193362.62333333332
1229,2690,360787.7966666667
1230,2691,186134.86333333334
1231,2692,138728.73333333334
1232,2693,216198.75333333333
1233,2694,153288.39333333334
1234,2695,204565.04666666666
1235,2696,198368.55
1236,2697,176418.5
1237,2698,181844.0
1238,2699,168103.65666666668
1239,2700,158127.03333333333
1240,2701,172427.5
1241,2702,147040.83333333334
1242,2703,118917.18666666666
1243,2704,155839.16666666666
1244,2705,132401.88666666666
1245,2706,132665.53
1246,2707,129685.23333333334
1247,2708,132217.05
1248,2709,77841.90333333334
1249,2710,140010.99
1250,2711,270291.5933333333
1251,2712,362148.63333333336
1252,2713,175289.76666666666
1253,2714,149839.98666666666
1254,2715,168345.59
1255,2716,158843.55
1256,2717,194127.0
1257,2718,199330.24666666667
1258,2719,166435.33333333334
1259,2720,170816.83333333334
1260,2721,146673.33333333334
1261,2722,148163.62333333332
1262,2723,162635.66666666666
1263,2724,134633.63333333333
1264,2725,135239.83333333334
1265,2726,148298.66666666666
1266,2727,188675.33333333334
1267,2728,186804.5
1268,2729,142169.85666666666
1269,2730,151728.16666666666
1270,2731,136059.92666666667
1271,2732,133439.3
1272,2733,150292.5
1273,2734,180450.35
1274,2735,144788.5
1275,2736,141029.95
1276,2737,123359.69
1277,2738,136071.95333333334
1278,2739,158553.5
1279,2740,150689.18333333332
1280,2741,149859.51666666666
1281,2742,192799.85
1282,2743,165656.83333333334
1283,2744,159786.5
1284,2745,156258.35
1285,2746,145441.38666666666
1286,2747,166023.66666666666
1287,2748,128945.94333333333
1288,2749,144030.66666666666
1289,2750,142704.22
1290,2751,147220.91666666666
1291,2752,215450.78666666665
1292,2753,146684.86666666667
1293,2754,200942.7
1294,2755,129361.28
1295,2756,111255.11333333333
1296,2757,89422.37333333334
1297,2758,110991.14
1298,2759,148638.5
1299,2760,139617.93333333332
1300,2761,157424.29
1301,2762,144766.95666666667
1302,2763,189687.83333333334
1303,2764,119846.97
1304,2765,204582.70666666667
1305,2766,137746.20333333334
1306,2767,92613.3
1307,2768,93695.09
1308,2769,146734.5
1309,2770,134671.33333333334
1310,2771,123960.88333333333
1311,2772,107472.95666666667
1312,2773,159566.89
1313,2774,139362.63666666666
1314,2775,108328.79
1315,2776,141314.06
1316,2777,137259.53
1317,2778,120002.38666666667
1318,2779,131690.55
1319,2780,99459.29666666666
1320,2781,109864.38666666667
1321,2782,117491.66333333333
1322,2783,110470.66333333333
1323,2784,131304.88666666666
1324,2785,147854.54666666666
1325,2786,92301.02
1326,2787,123326.93333333333
1327,2788,104446.73333333334
1328,2789,159667.38666666666
1329,2790,108325.0
1330,2791,132283.13666666666
1331,2792,81607.69333333333
1332,2793,111808.08
1333,2794,100745.82666666666
1334,2795,116519.93333333333
1335,2796,87963.12666666666
1336,2797,187403.86
1337,2798,98494.23666666666
1338,2799,107964.85
1339,2800,75283.42666666667
1340,2801,93571.36
1341,2802,129344.08
1342,2803,150608.73333333334
1343,2804,118704.89666666667
1344,2805,98941.58333333333
1345,2806,115559.96666666666
1346,2807,158648.74
1347,2808,161384.41333333333
1348,2809,132430.58333333334
1349,2810,142346.85
1350,2811,161934.91333333333
1351,2812,160441.32666666666
1352,2813,163899.41333333333
1353,2814,155686.99333333335
1354,2815,90639.57333333333
1355,2816,191049.89333333334
1356,2817,170632.33666666667
1357,2818,140093.5
1358,2819,164757.84
1359,2820,157157.5
1360,2821,127342.31666666667
1361,2822,178154.23333333334
1362,2823,279385.91333333333
1363,2824,175460.5
1364,2825,128650.68
1365,2826,150204.5
1366,2827,133044.41666666666
1367,2828,215144.55333333334
1368,2829,171154.52666666667
1369,2830,223902.73666666666
1370,2831,196950.85666666666
1371,2832,250848.13333333333
1372,2833,318441.39
1373,2834,216807.93
1374,2835,235606.92333333334
1375,2836,206057.10666666666
1376,2837,148691.53333333333
1377,2838,156133.66666666666
1378,2839,208941.77333333335
1379,2840,190535.52666666667
1380,2841,201880.30333333334
1381,2842,229666.26666666666
1382,2843,143285.66666666666
1383,2844,144843.35
1384,2845,127201.76
1385,2846,220202.27333333335
1386,2847,208982.70333333334
1387,2848,201883.92333333334
1388,2849,190930.80666666667
1389,2850,258683.75
1390,2851,205642.56666666668
1391,2852,221395.84333333332
1392,2853,209686.77
1393,2854,180471.7
1394,2855,196377.83666666667
1395,2856,199222.72666666665
1396,2857,188954.34
1397,2858,193986.6
1398,2859,130211.2
1399,2860,137230.34
1400,2861,144897.00666666665
1401,2862,203908.98333333334
1402,2863,131900.97
1403,2864,237892.69333333333
1404,2865,167612.0
1405,2866,149884.09333333332
1406,2867,115542.51333333334
1407,2868,97474.18666666666
1408,2869,99374.96666666666
1409,2870,165181.16666666666
1410,2871,73722.66333333333
1411,2872,78596.46666666666
1412,2873,110056.76
1413,2874,125166.77
1414,2875,107800.82333333333
1415,2876,149273.48666666666
1416,2877,136556.18333333332
1417,2878,138802.52333333335
1418,2879,142283.70333333334
1419,2880,112954.22
1420,2881,123820.85
1421,2882,162680.05
1422,2883,190168.66666666666
1423,2884,240834.24666666667
1424,2885,164248.00666666665
1425,2886,234727.83333333334
1426,2887,99137.95666666667
1427,2888,138935.27
1428,2889,63022.16333333333
1429,2890,102446.36
1430,2891,138698.46333333335
1431,2892,63487.66333333333
1432,2893,87002.13
1433,2894,76701.09333333334
1434,2895,409571.6766666667
1435,2896,342933.50333333336
1436,2897,191155.16666666666
1437,2898,139098.92
1438,2899,201134.99333333335
1439,2900,156335.53
1440,2901,193391.41333333333
1441,2902,191279.63666666666
1442,2903,332190.69333333336
1443,2904,477524.89666666667
1444,2905,89574.57
1445,2906,179312.39666666667
1446,2907,137003.59333333332
1447,2908,132668.86666666667
1448,2909,142357.74
1449,2910,95810.05333333333
1450,2911,120444.09
1451,2912,161197.62333333332
1452,2913,104070.40333333334
1453,2914,96932.44666666667
1454,2915,97162.43333333333
1455,2916,108592.22666666667
1456,2917,179744.16666666666
1457,2918,125084.94666666667
1458,2919,188667.25
